# This file may be used to create an environment using:
# $ conda create --name <env> --file <this file>
# platform: win-64
bzip2=1.0.8=hcfcfb64_5
ca-certificates=2024.2.2=h56e8100_0
cached-property=1.5.2=hd8ed1ab_1
cached_property=1.5.2=pyha770c72_1
h5py=3.10.0=nompi_py312h1751c5b_101
hdf5=1.14.3=nompi_h73e8ff5_100
intel-openmp=2024.0.0=h57928b3_49841
krb5=1.21.2=heb0366b_0
libaec=1.1.2=h63175ca_1
libblas=3.9.0=21_win64_mkl
libcblas=3.9.0=21_win64_mkl
libcurl=8.5.0=hd5e4a3a_0
libexpat=2.5.0=h63175ca_1
libffi=3.4.2=h8ffe710_5
libhwloc=2.9.3=default_haede6df_1009
libiconv=1.17=hcfcfb64_2
liblapack=3.9.0=21_win64_mkl
libsqlite=3.45.1=hcfcfb64_0
libssh2=1.11.0=h7dfc565_0
libxml2=2.12.5=hc3477c8_0
libzlib=1.2.13=hcfcfb64_5
mkl=2024.0.0=h66d3029_49657
numpy=1.26.4=py312h8753938_0
openssl=3.2.1=hcfcfb64_0
pip=24.0=pyhd8ed1ab_0
pthreads-win32=2.9.1=hfa6e2cd_3
python=3.12.1=h2628c8c_1_cpython
python_abi=3.12=4_cp312
setuptools=69.0.3=pyhd8ed1ab_0
tbb=2021.11.0=h91493d7_1
tk=8.6.13=h5226925_1
tzdata=2024a=h0c530f3_0
ucrt=10.0.22621.0=h57928b3_0
vc=14.3=hcf57466_18
vc14_runtime=14.38.33130=h82b7239_18
vs2015_runtime=14.38.33130=hcb4865c_18
wheel=0.42.0=pyhd8ed1ab_0
xz=5.2.6=h8d14728_0
